kinematics:
  shoulder:
    x: 0
    y: 0
    z: 0.08942216708803621
    roll: -0
    pitch: 0
    yaw: 4.605564570214506e-05
  upper_arm:
    x: 4.960217718846769e-05
    y: 0
    z: 0
    roll: 1.569350928862516
    pitch: 0
    yaw: 3.699746890395412e-05
  forearm:
    x: -0.4252690416700927
    y: 0
    z: 0
    roll: 3.256213484347493e-05
    pitch: 0.0004441522807683201
    yaw: 5.1837218448377e-05
  wrist_1:
    x: -0.3924899753734029
    y: -0.000739950268048854
    z: 0.1102847344013756
    roll: 0.006709352558870301
    pitch: 4.17350861591121e-05
    yaw: -6.62090525197651e-05
  wrist_2:
    x: 3.060510120512038e-06
    y: -0.09486589427777056
    z: 0.0001258944127382038
    roll: 1.56946924987446
    pitch: 0
    yaw: 1.305528463518554e-05
  wrist_3:
    x: 6.74589638703348e-05
    y: 0.08249130029977973
    z: 7.054507693529038e-05
    roll: 1.571651508607785
    pitch: 3.141592653589793
    yaw: -3.141520738320612
  hash: calib_15730146067142187911